66 66 81 68
66 66 62 86
66 66 93 48
66 66 27 98
66 66 76 11
66 66 72 36
66 66 80 90
66 66 64 36
66 66 91 90
66 66 33 37
66 66 86 91
66 66 49 34
66 66 98 88
66 66 11 44
66 66 36 97
66 66 89 15
66 66 39 49
66 66 93 98
66 66 28 10
66 66 79 35
66 66 67 88
66 66 88 43
66 66 44 96
66 66 96 19
66 66 17 59
66 66 53 95
66 66 98 20
66 66 11 62
66 66 37 93
66 66 91 29
66 66 35 80
66 66 88 65
66 66 42 90
66 66 95 37
66 66 19 91
66 66 60 33
66 66 94 87
66 66 24 47
66 66 70 98
66 66 83 12
66 66 56 40
66 66 97 93
66 66 14 26
66 66 46 75
66 66 97 74
66 66 12 76
66 66 41 73
66 66 95 78
66 66 22 69
66 66 66 85
66 66 89 52
66 66 41 98
66 66 95 10
66 66 22 36
66 66 67 89
66 66 87 39
66 66 46 93
66 66 97 28
66 66 13 78
66 66 44 70
66 66 96 84
66 66 16 54
66 66 52 97
66 66 98 12
66 66 10 41
66 66 35 95
66 66 88 22
66 66 42 67
